# Created by Octave 4.2.0, Mon Mar 13 08:38:21 2017 GMT <unknown@unknown>
# name: D05
# type: matrix
# rows: 1
# columns: 5
 0.009703646532960575 0 -0.01809147434028677 0 0.996337109670742


# name: D2
# type: matrix
# rows: 1
# columns: 5
 0.01008597980751195 0 -0.01871053459669479 0 0.9998733857066278


# name: DE05
# type: matrix
# rows: 1
# columns: 5
 0.009637768747505578 3.870109513804998e-005 -0.01783991955703829 0.0001915077581743928 0.9969298499334772


# name: DE2
# type: matrix
# rows: 1
# columns: 5
 0.01004890695308775 8.913836260640765e-006 -0.018351664172194 0.0001355470379900369 0.9997498564415588


