# Created by Octave 4.2.0, Sun Mar 12 17:20:52 2017 GMT <unknown@unknown>
# name: D05
# type: matrix
# rows: 1
# columns: 5
 0.01958994393205116 0 0.696812531857867 0 0.9964143958383881


# name: D1
# type: matrix
# rows: 1
# columns: 5
 0.01040589505800612 0 0.6214153449681004 0 0.9993750718425418


# name: D2
# type: matrix
# rows: 1
# columns: 5
 0.006544242771156283 0 0.6121504880973917 0 0.996959578532261


# name: DE05
# type: matrix
# rows: 1
# columns: 5
 0.01959106044978894 0.0001029321608309735 0.696805279321526 0.0006271930079826135 0.9963371849128519


# name: DE1
# type: matrix
# rows: 1
# columns: 5
 0.01040967958513377 1.96073314496806e-005 0.6213435948470252 0.0003466128284027084 0.9994284547356673


# name: DE2
# type: matrix
# rows: 1
# columns: 5
 0.006430247778390988 6.501696801241341e-006 0.6165540472894508 0.0002335314766501972 0.9968796049825617



