# Created by Octave 4.2.0, Mon Feb 06 13:06:28 2017 GMT <unknown@unknown>
# name: ans
# type: matrix
# rows: 1
# columns: 5
 0.0009348901809746747 3.999219170382038e-006 0.01335154669945021 0.0008498271923004879 0.9996874921894107


