# Created by Octave 4.2.0, Mon Feb 06 13:07:43 2017 GMT <unknown@unknown>
# name: ans
# type: matrix
# rows: 1
# columns: 5
 0.001156157844489858 5.068786707650904e-006 0.03067037888853219 0.001090280416788671 0.9996162008568134


