# Created by Octave 4.2.0, Mon Feb 06 14:12:40 2017 GMT <unknown@unknown>
# name: Param
# type: matrix
# rows: 1
# columns: 4
 -8.068047261146429e-005 43.23336328689922 -1.816129446357774 0.9869022878446603


# name: Err
# type: matrix
# rows: 1
# columns: 3
 7.614249435446402e-006 0.2225161599553894 0.003463462924486199


