# Created by Octave 4.2.0, Mon Feb 06 14:20:33 2017 GMT <unknown@unknown>
# name: Param
# type: matrix
# rows: 1
# columns: 5
 -0.0003758318108428009 22.61904999749337 401.452481353475 -1.639143092339479 0.9985167046221817


# name: Err
# type: matrix
# rows: 1
# columns: 4
 9.305851545788555e-006 0.4672341942592553 8.669439171665587 0.004785909363372119


