# Created by Octave 4.2.0, Mon Feb 06 14:23:02 2017 GMT <unknown@unknown>
# name: Param
# type: matrix
# rows: 1
# columns: 5
 -0.0005661992587155198 4.932698667050738 744.4593237684278 -1.113524483630778 0.9905889736138196


# name: Err
# type: matrix
# rows: 1
# columns: 4
 9.351879401019511e-006 0.4713858749541766 8.758755773339518 0.00481627732002139


